-51.3245735168457 0.6187862157821655 0.0
-46.846778869628906 0.6418106555938721 0.0
-42.368988037109375 0.6648350954055786 0.0
-40.411067962646484 0.6854625344276428 0.0
-40.411067962646484 0.6854625344276428 0.0
-36.606807708740234 0.9941249489784241 0.0
-31.702192306518555 1.9927366971969604 0.0
-27.049724578857422 3.9063591957092285 0.0
-24.35611915588379 6.073286056518555 0.0
-21.252500534057617 11.105039596557617 0.0
-17.085142135620117 16.64377212524414 0.0
-14.74766731262207 19.467823028564453 0.0
-12.891379356384277 22.884471893310547 0.0
-11.748788833618164 26.60116195678711 0.0
-11.049132347106934 30.483722686767578 0.0
-10.38422679901123 35.550872802734375 0.0
-10.092824935913086 40.65314483642578 0.0
-10.073487281799316 42.628509521484375 0.0
-10.073487281799316 42.628509521484375 0.0
-10.048177719116211 46.6284294128418 0.0
-10.022868156433105 50.62834930419922 0.0
-9.99755859375 54.62826919555664 0.0
-9.972249031066895 58.62818908691406 0.0
-9.946939468383789 62.628108978271484 0.0
-9.921629905700684 66.6280288696289 0.0
-9.896320343017578 70.62794494628906 0.0
-9.871010780334473 74.62786865234375 0.0
-9.845701217651367 78.6277847290039 0.0
-9.820391654968262 82.62769317626953 0.0
-9.795082092285156 86.62762451171875 0.0
-9.76977252960205 90.62754821777344 0.0
-9.744462966918945 94.6274642944336 0.0
-9.71915340423584 98.62738037109375 0.0
-9.693843841552734 102.62730407714844 0.0
-9.668534278869629 106.62722778320312 0.0
-9.643224716186523 110.62714385986328 0.0
-9.606069564819336 116.49921417236328 0.0
-9.568914413452148 122.37126159667969 0.0
-10.092669486999512 125.71598052978516 0.0
-12.430682182312012 129.32766723632812 0.0
-16.56136131286621 130.84323120117188 0.0
-20.629003524780273 130.935302734375 0.0
-24.62797737121582 131.0258331298828 0.0
-28.626955032348633 131.11636352539062 0.0
-32.62593078613281 131.20689392089844 0.0
-36.62490463256836 131.2974090576172 0.0
-40.62387466430664 131.387939453125 0.0
-44.62285614013672 131.4784698486328 0.0
-48.62183380126953 131.56898498535156 0.0
-52.62080764770508 131.65951538085938 0.0
-56.619781494140625 131.7500457763672 0.0
-60.61875534057617 131.840576171875 0.0
-66.23921966552734 131.96780395507812 0.0
-69.40261840820312 131.37875366210938 3.858344754803511e-08
-72.82701110839844 128.337646484375 0.006162278354167938
-74.02692413330078 123.94352722167969 0.040177054703235626
-74.04329681396484 117.93687438964844 0.092129185795784
-74.05967712402344 111.93022918701172 0.16533465683460236
-74.07606506347656 105.92356872558594 0.25979381799697876
-77.59243774414062 99.92646026611328 0.3659161329269409
-77.60334777832031 95.92646789550781 0.4366033971309662
-77.61425018310547 91.92648315429688 0.507290780544281
-77.62516021728516 87.92649841308594 0.5779779553413391
-77.63607025146484 83.926513671875 0.6486652493476868
-77.64698028564453 79.92652893066406 0.7193525433540344
-77.65789031982422 75.9265365600586 0.7823875546455383
-77.6688003540039 71.92655944824219 0.8208603262901306
-77.6797103881836 67.92657470703125 0.834160327911377
-77.69062042236328 63.92659378051758 0.8222874402999878
-77.70152282714844 59.926605224609375 0.7852417826652527
-77.71243286132812 55.9266242980957 0.7230232954025269
-77.72334289550781 51.926639556884766 0.6356320381164551
-77.7342529296875 47.92665481567383 0.5240527391433716
-77.74516296386719 43.92667007446289 0.4067150950431824
-77.75607299804688 39.92668533325195 0.30140867829322815
-77.76698303222656 35.926700592041016 0.21185021102428436
-77.77788543701172 31.926713943481445 0.1380394995212555
-77.79210662841797 26.71436309814453 0.06548816710710526
-77.80632019042969 21.502012252807617 0.019677475094795227
-77.81177520751953 19.50201988220215 0.009198506362736225
-77.81324768066406 18.962495803833008 0.0070459432899951935
